1 0.273047 0.056944 0.319531 0.080556
1 0.283984 0.195833 0.314844 0.108333
1 0.277734 0.325694 0.317969 0.123611
1 0.278516 0.465278 0.316406 0.113889
1 0.284766 0.610417 0.305469 0.101389
1 0.279687 0.755556 0.318750 0.113889
1 0.629297 0.769444 0.333594 0.088889
1 0.623828 0.619444 0.327344 0.091667
1 0.630469 0.489583 0.335938 0.095833
1 0.627344 0.333333 0.335938 0.136111
1 0.639844 0.196528 0.328125 0.106944
1 0.619922 0.085417 0.291406 0.079167
1 0.632422 0.020833 0.330469 0.038889
1 0.480469 0.886806 0.318750 0.079167
1 0.832812 0.938194 0.334375 0.115278
1 0.488672 0.959722 0.338281 0.077778
