1 0.328516 0.111806 0.317969 0.126389
1 0.317187 0.293750 0.306250 0.109722
1 0.316797 0.452778 0.316406 0.116667
1 0.313281 0.585417 0.325000 0.112500
1 0.322656 0.732639 0.339063 0.126389
1 0.306641 0.875694 0.321094 0.109722
1 0.669922 0.895139 0.332031 0.098611
1 0.649609 0.789583 0.288281 0.090278
1 0.668750 0.667361 0.340625 0.106944
1 0.665625 0.531250 0.350000 0.093056
1 0.686719 0.397917 0.343750 0.081944
1 0.654297 0.335417 0.302344 0.079167
1 0.674609 0.271528 0.344531 0.087500
1 0.653125 0.156250 0.303125 0.095833
1 0.677344 0.070139 0.337500 0.073611
