1 0.298828 0.112500 0.319531 0.119444
1 0.308984 0.257639 0.321094 0.098611
1 0.302344 0.387500 0.312500 0.105556
1 0.308984 0.532639 0.313281 0.118056
1 0.307813 0.687500 0.307813 0.111111
1 0.305469 0.829167 0.310937 0.111111
1 0.661719 0.085417 0.329688 0.079167
1 0.637109 0.157639 0.307031 0.076389
1 0.657422 0.241667 0.327344 0.080556
1 0.641797 0.312500 0.288281 0.055556
1 0.657031 0.403472 0.331250 0.115278
1 0.647266 0.565278 0.330469 0.088889
1 0.654297 0.685417 0.327344 0.090278
1 0.651563 0.845833 0.348437 0.088889
