1 0.302344 0.045833 0.326562 0.061111
1 0.292188 0.215278 0.314063 0.091667
1 0.298047 0.383333 0.328906 0.102778
1 0.289844 0.525694 0.320312 0.118056
1 0.290625 0.660417 0.323438 0.126389
1 0.290625 0.820833 0.318750 0.125000
1 0.632812 0.079167 0.290625 0.083333
1 0.648828 0.181250 0.322656 0.068056
1 0.635938 0.257639 0.296875 0.056944
1 0.657812 0.326389 0.325000 0.091667
1 0.648047 0.453472 0.325781 0.084722
1 0.641797 0.581944 0.341406 0.094444
1 0.628125 0.703472 0.310937 0.081944
1 0.634375 0.815278 0.323438 0.086111
1 0.474219 0.945833 0.309375 0.094444
1 0.821875 0.964583 0.340625 0.059722
