1 0.319141 0.163889 0.330469 0.130556
1 0.320703 0.318056 0.324219 0.111111
1 0.310547 0.472222 0.330469 0.100000
1 0.310937 0.616667 0.342187 0.116667
1 0.317578 0.751389 0.327344 0.119444
1 0.314844 0.905556 0.321875 0.152778
1 0.678125 0.134028 0.328125 0.076389
1 0.653125 0.217361 0.304688 0.073611
1 0.676562 0.299306 0.337500 0.056944
1 0.655469 0.360417 0.296875 0.037500
1 0.671875 0.435417 0.337500 0.073611
1 0.649609 0.518056 0.299219 0.080556
1 0.664844 0.625000 0.328125 0.086111
1 0.669141 0.753472 0.333594 0.098611
1 0.666406 0.916667 0.337500 0.088889
