1 0.296094 0.047917 0.326562 0.076389
1 0.285937 0.190278 0.332812 0.127778
1 0.292578 0.315972 0.328906 0.084722
1 0.280469 0.472917 0.318750 0.106944
1 0.272656 0.606250 0.320312 0.098611
1 0.278125 0.752778 0.306250 0.113889
1 0.618750 0.756944 0.314063 0.100000
1 0.622266 0.616667 0.325781 0.091667
1 0.632812 0.491667 0.326562 0.097222
1 0.633984 0.337500 0.314844 0.116667
1 0.628906 0.231944 0.285937 0.086111
1 0.628125 0.091667 0.300000 0.094444
1 0.655469 0.018750 0.326562 0.037500
1 0.495703 0.931250 0.307031 0.129167
1 0.830469 0.949306 0.328125 0.098611
