1 0.243750 0.151389 0.321875 0.088889
1 0.246875 0.043750 0.303125 0.087500
1 0.234375 0.302083 0.310937 0.087500
1 0.231250 0.438889 0.321875 0.108333
1 0.228906 0.590278 0.329688 0.125000
1 0.567578 0.604167 0.327344 0.086111
1 0.573047 0.460417 0.335156 0.106944
1 0.580859 0.326389 0.346094 0.105556
1 0.607813 0.112500 0.340625 0.147222
1 0.586328 0.220833 0.310156 0.075000
1 0.497656 0.771528 0.317187 0.123611
1 0.833984 0.791667 0.327344 0.088889
1 0.478125 0.938194 0.315625 0.106944
1 0.825000 0.946528 0.331250 0.104167
