1 0.271094 0.052778 0.323438 0.105556
1 0.276172 0.178472 0.328906 0.087500
1 0.265234 0.343750 0.324219 0.137500
1 0.272656 0.478472 0.331250 0.106944
1 0.271484 0.606944 0.324219 0.100000
1 0.270312 0.754861 0.325000 0.129167
1 0.555469 0.070833 0.171875 0.077778
1 0.631250 0.141667 0.331250 0.069444
1 0.620703 0.219444 0.294531 0.050000
1 0.627344 0.289583 0.335938 0.098611
1 0.610937 0.377083 0.295312 0.079167
1 0.624609 0.463889 0.332031 0.063889
1 0.627734 0.616667 0.335156 0.116667
1 0.617188 0.775000 0.337500 0.091667
1 0.497266 0.895833 0.319531 0.130556
1 0.834375 0.911111 0.331250 0.105556
