1 0.250781 0.108333 0.325000 0.105556
1 0.258203 0.243750 0.311719 0.112500
1 0.247656 0.386111 0.339063 0.111111
1 0.264062 0.518750 0.303125 0.095833
1 0.256641 0.663889 0.313281 0.122222
1 0.485547 0.833333 0.325781 0.152778
1 0.830078 0.840278 0.339844 0.105556
1 0.600000 0.685417 0.335938 0.095833
1 0.611328 0.539583 0.338281 0.106944
1 0.609375 0.406250 0.339063 0.106944
1 0.608203 0.256250 0.314844 0.120833
1 0.605078 0.077083 0.319531 0.068056
1 0.596484 0.154167 0.288281 0.066667
1 0.485938 0.971528 0.326562 0.054167
