1 0.312891 0.100000 0.328906 0.127778
1 0.322656 0.250694 0.309375 0.120833
1 0.309766 0.376389 0.335156 0.111111
1 0.302344 0.532639 0.323438 0.118056
1 0.302734 0.667361 0.307031 0.131944
1 0.305859 0.823611 0.313281 0.116667
1 0.649219 0.292361 0.303125 0.084722
1 0.679688 0.394444 0.339063 0.105556
1 0.655469 0.547222 0.345313 0.102778
1 0.651953 0.679167 0.336719 0.088889
1 0.643750 0.829167 0.323438 0.108333
1 0.678125 0.070139 0.332812 0.068056
1 0.583984 0.146528 0.103906 0.001389
1 0.540234 0.147917 0.002344 0.001389
