1 0.245703 0.086806 0.335156 0.098611
1 0.245703 0.260417 0.325781 0.129167
1 0.244141 0.386806 0.316406 0.098611
1 0.250781 0.524306 0.323438 0.101389
1 0.242578 0.662500 0.319531 0.108333
1 0.588672 0.687500 0.319531 0.111111
1 0.597656 0.526389 0.320312 0.119444
1 0.597656 0.402083 0.326562 0.120833
1 0.587500 0.291667 0.300000 0.080556
1 0.604688 0.168750 0.335938 0.106944
1 0.608984 0.056944 0.314844 0.077778
1 0.498047 0.791667 0.308594 0.122222
1 0.830859 0.807639 0.330469 0.076389
1 0.480859 0.957639 0.296094 0.070833
1 0.823828 0.968056 0.344531 0.061111
