1 0.297266 0.097917 0.321094 0.129167
1 0.302734 0.254167 0.314844 0.122222
1 0.296094 0.406250 0.321875 0.104167
1 0.289844 0.537500 0.329688 0.127778
1 0.296875 0.678472 0.315625 0.106944
1 0.293359 0.831944 0.317969 0.141667
1 0.638281 0.847222 0.325000 0.097222
1 0.643359 0.677778 0.335156 0.105556
1 0.647656 0.558333 0.326562 0.122222
1 0.632422 0.445833 0.305469 0.088889
1 0.652344 0.345833 0.332812 0.083333
1 0.651563 0.247222 0.329688 0.102778
1 0.640234 0.146528 0.296094 0.087500
1 0.659766 0.063889 0.335156 0.072222
